0 0.416406 0.514453 0.329688 0.250781
0 0.643750 0.380078 0.200000 0.147656
0 0.844531 0.507812 0.214062 0.146875
0 0.843359 0.649219 0.221094 0.135937
0 0.156641 0.809766 0.278906 0.225781
0 0.381641 0.167187 0.150781 0.081250
0 0.256641 0.113672 0.078906 0.033594
0 0.302734 0.064062 0.061719 0.050000
0 0.321094 0.029297 0.079687 0.033594
0 0.550781 0.066797 0.126562 0.055469
0 0.667188 0.091016 0.115625 0.047656
0 0.590625 0.126172 0.140625 0.052344
0 0.574219 0.193750 0.185938 0.084375
0 0.788672 0.158594 0.227344 0.095312
0 0.447656 0.099219 0.126562 0.042188
0 0.672266 0.279297 0.147656 0.067969