0 0.397266 0.421875 0.100781 0.046875
0 0.472656 0.338672 0.073438 0.033594
0 0.401172 0.383594 0.099219 0.042188
0 0.357031 0.347266 0.085938 0.041406
0 0.107031 0.757031 0.089063 0.104688
0 0.578125 0.816406 0.234375 0.195312
0 0.560156 0.500781 0.179688 0.107813
0 0.644531 0.406250 0.151562 0.065625
0 0.544531 0.373047 0.132812 0.055469
0 0.555469 0.324609 0.054688 0.033594
0 0.657422 0.332422 0.108594 0.049219
0 0.595313 0.305469 0.090625 0.029687
0 0.552734 0.280078 0.086719 0.025781
0 0.607031 0.243750 0.054688 0.028125
0 0.671094 0.235937 0.042188 0.031250
0 0.455469 0.251563 0.067187 0.037500
0 0.401953 0.295313 0.072656 0.034375
0 0.312109 0.387500 0.058594 0.034375